685601458337
685601458336
685601458322
685601456871
685601456870
685601456869
685601456868
685601456867
685601456866
685601456865
685601456864
685601456863
685601456862
685601456861
685601456689
685601456598
685601456595
685601456593
685601456592
685601456584
685601456550
685601456476
685601455297
685601455294
685601455290
685601455211
685601455210
685601455208
685601455171
685601455170
685601455162
685601455075
685601455057
685601455056
685601455055
685601455054
685601455053
685601455052
685601455006
685601454991
685601454989
685601454941
685601454928
685601454844
685601454809
685601454808
685601454807
685601454805
685601454804
685601454796
685601454693
685601454620
685601454593
685601454592
685601454590
685601454495
685601454493
685601454491
685601454215
685601454214
685601454213
685601454184
685601454163
685601454161
685601454160
685601453899
685601453897
685601453896
685601453882
685601453743
685601453742
685601453741
685601453739
685601453736
685601453734
685601453733
685601453730
685601453729
685601453728
685601453727
685601453726
685601453723
685601453699
685601453698
685601453697
685601453695
685601453567
685601453550
685601453549
685601453548
685601453428
685601453374
685601453335
685601453321
685601453234
685601453231
685601453205
685601453136
685601453132
685601453036
685601453035
685601453034
685601452906
685601452891
685601452890
685601452889
685601452866
685601452845
685601452778
685601452678
685601452677
685601452664
685601452618
685601452616
685601452615
685601452610
685601452604
685601452603
685601452517
685601452471
685601452376
685601452344
685601452199
685601452080
685601452017
685601452016
685601451994
685601451993
685601451939
685601451891
685601451886
685601451834
685601451811
685601451805
685601451795
685601451778
685601451744
685601451606
685601451567
685601451565
685601451522
685601451521
685601451520
685601451519
685601451518
685601451517
685601451516
685601451515
685601451514
685601451513
685601451512
685601451494
685601451492
685601451477
685601451474
685601451370
685601451343
685601451288
685601451284
685601451251
685601451214
685601451177
685601451176
685601451171
685601451141
685601451043
685601450942
685601450941
685601450934
685601450878
685601450876
685601450825
685601450800
685601450726
685601450725
685601450723
685601450722
685601450390
685601450389
685601450388
685601450378
685601450376
685601450362
685601450262
685601450170
685601450166
685601450165
685601450164
685601450163
685601450148
685601450100
685601450080
685601450040
685601450039
685601450034
685601450017
685601449997
685601449981
685601449979
685601448803
685601448802
685601448789
685601448748
685601448745
685601448738
685601448737
685601448463
685601448462
685601448445
685601448444
685601448434
685601448369
685601448296
685601448209
685601448050
685601447940
685601447911
685601447910
685601447774
685601447773
685601447772
685601447771
685601447701
685601447651
685601447648
685601447522
685601447521
685601447520
685601447515
685601447514
685601447513
685601447512
685601447510
685601447475
685601447440
685601447439
685601447438
685601447417
685601447405
685601447307
685601447306
685601447301
685601447290
685601447289
685601447288
685601447070
685601447066
685601446943
685601446942
685601446941
685601446922
685601446659
685601446658
685601446516
685601446427
685601446426
685601446425
685601446382
685601446375
685601446374
685601446373
685601446372
685601446367
685601446366
685601446365
685601446363
685601446362
685601446361
685601446359
685601446358
685601446356
685601446355
685601446353
685601446261
685601446206
685601446166
685601446157
685601446156
685601446155
685601446133
685601446006
685601445992
685601445991
685601445911
685601445835
685601445808
685601445797
685601445737
685601445735
685601445690
685601445651
685601445609
685601445583
685601445582
685601445436
685601445313
685601445305
685601445304
685601445303
685601445302
685601445301
685601445300
685601445298
685601445247
685601445197
685601444936
685601444843
685601444798
685601444797
685601444796
685601444795
685601444794
685601444792
685601444765
685601444756
685601444695
685601444694
685601444654
685601444544
685601444472
685601444471
685601444470
685601444450
685601444419
685601444418
685601444398
685601444328
685601444325
685601444115
685601444111
685601444079
685601444061
685601444057
685601443996
685601443993
685601443992
685601443977
685601443911
685601443884
685601443866
685601443863
685601443819
685601443817
685601443816
685601443815
685601443814
685601443755
685601443754
685601443752
685601443750
685601443729
685601443641
685601443640
685601443639
685601443626
685601443241
685601443150
685601443079
685601443078
685601443077
685601443076
685601443075
685601443074
685601443073
685601443072
685601443071
685601443070
685601443069
685601443068
685601443067
685601442949
685601442902
685601442849
685601442848
685601442799
685601442784
685601442710
685601442709
685601442681
685601442680
685601442658
685601442593
685601442574
685601442573
685601442312
685601442299
685601442278
685601442277
685601442208
685601441214
685601441213
685601441211
685601441044
685601440938
685601440937
685601440936
685601440935
685601440917
685601440728
685601440727
685601440726
685601440712
685601440711
685601440710
685601440545
685601440544
685601440513
685601440512
685601440511
685601440469
685601440393
685601440286
685601440257
685601440256
685601440254
685601440253
685601440252
685601440251
685601440162
685601440089
685601440088
685601440087
685601440086
685601440084
685601440083
685601440082
685601440070
685601440068
685601440065
685601440064
685601440063
685601440062
685601440061
685601440045
685601440044
685601440043
685601440016
685601440015
685601440010
685601440009
685601439992
685601439991
685601439907
685601439883
685601439881
685601439604
685601439533
685601439532
685601439531
685601439399
685601439398
685601439367
685601439366
685601439365
685601439222
685601439221
685601439220
685601439219
685601439218
685601439216
685601439215
685601439214
685601439213
685601439204
685601439156
685601439154
685601439125
685601438873
685601438872
685601438871
685601438870
685601438868
685601438866
685601438865
685601438864
685601438863
685601438714
685601438666
685601438643
685601438642
685601438641
685601438639
685601438638
685601438540
685601438530
685601438529
685601438473
685601438441
685601438426
685601438425
685601438424
685601438423
685601438422
685601438421
685601438420
685601438419
685601438048
685601438004
685601437982
685601437978
685601437941
685601437936
685601437929
685601437893
685601437881
685601436553
685601436551
685601436550
685601436547
685601436546
685601436499
685601436445
685601436442
685601436423
685601436421
685601436420
685601436419
685601436353
685601436311
685601436310
685601436267
685601436231
685601436230
685601436226
685601435197
685601434868
685601434791
685601434748
685601434747
685601434746
685601434674
685601434670
685601434629
685601434561
685601434518
685601434484
685601434482
685601434481
685601434459
685601434453
685601434452
685601434382
685601434342
685601434339
685601434338
685601434016
685601434015
685601433877
685601433876
685601433875
685601433752
685601433750
685601433718
685601433608
685601433575
685601433574
685601433573
685601433546
685601433541
685601433540
685601433520
685601433517
685601433453
685601433448
685601433447
685601433446
685601433445
685601433444
685601433442
685601433441
685601433439
685601433397
685601433396
685601433383
685601433382
685601433380
685601433350
685601433211
685601433188
685601433187
685601433186
685601433181
685601433155
685601433088
685601433039
685601432983
685601432982
685601432859
685601432849
685601432835
685601432834
685601432778
685601432776
685601432587
685601432585
685601432508
685601432452
685601432451
685601432447
685601432446
685601432445
685601432390
685601432389
685601432346
685601432340
685601432246
685601432245
685601432204
685601432202
685601432201
685601431842
685601431841
685601431797
685601431796
685601431781
685601431780
685601431728
685601431727
685601431685
685601431684
685601431652
685601431488
685601431473
685601431426
685601431425
685601431424
685601431261
685601431260
685601431259
685601431230
685601431178
685601431153
685601431151
685601431149
685601431121
685601431108
685601431106
685601431104
685601431050
685601431020
685601430930
685601430490
685601430053
685601430043
685601430041
685601430039
685601430038
685601430030
685601429863
685601429862
685601429660
685601429656
685601429637
685601429586
685601429571
685601429567
685601429566
685601428728
685601428700
685601428674
685601428612
685601428588
685601428466
685601428304
685601428302
685601428294
685601428281
685601428224
685601428158
685601428157
685601428025
685601427973
685601427918
685601427885
685601427798
685601427774
685601427773
685601427682
685601427662
685601427661
685601427660
685601427642
685601427637
685601427593
685601427592
685601427591
685601427563
685601427314
685601427313
685601427312
685601427148
685601427146
685601427117
685601427114
685601427066
685601427065
685601427064
685601427040
685601427038
685601427037
685601427036
685601426910
685601426873
685601426812
685601426711
685601426710
685601426696
685601426565
685601426542
685601426540
685601426476
685601426458
685601426457
685601426456
685601426401
685601426400
685601426399
685601426398
685601426375
685601426374
685601426373
685601425305
685601425304
685601425287
685601425286
685601425281
685601425266
685601425265
685601425264
685601425172
685601425168
685601425167
685601425166
685601425165
685601425063
685601425061
685601425058
685601425057
685601425056
685601425054
685601425052
685601425050
685601425048
685601425039
685601425038
685601425037
685601424928
685601424909
685601424903
685601424902
685601424901
685601424867
685601424775
685601424705
685601424701
685601424577
685601424576
685601424451
685601424403
685601424402
685601424342
685601424204
685601424188
685601424151
685601424150
685601424148
685601424052
685601423775
685601423774
685601423645
685601423644
685601423622
685601423606
685601423593
685601423571
685601423490
685601423465
685601423464
685601423451
685601423418
685601423416
685601423415
685601423414
685601423411
685601423395
685601423394
685601423373
685601423370
685601423352
685601423261
685601423260
685601423229
685601423214
685601423196
685601423195
685601423156
685601423073
685601422970
685601422957
685601422907
685601422729
685601422681
685601422680
685601422658
685601422656
685601422626
685601422624
685601422623
685601422508
685601422501
685601422500
685601422471
685601422442
685601422441
685601422440
685601422200
685601422199
685601422196
685601422193
685601422067
685601421990
685601421980
685601421979
685601421829
685601421828
685601421827
685601421799
685601421797
685601421656
685601421654
685601421653
685601421394
685601421272
685601421271
685601421270
685601421263
685601421177
685601421137
685601420901
685601420860
685601420859
685601420858
685601420857
685601420855
685601420854
685601420823
685601420720
685601420719
685601420718
685601420700
685601420691
685601420689
685601420488
685601420458
685601420314
685601420301
685601420257
685601420256
685601420255
685601418945
685601418817
685601418815
685601418814
685601418511
685601418501
685601418500
685601418499
685601418497
685601418496
685601418418
685601418348
685601418346
685601418345
685601418328
685601418327
685601418326
685601418247
685601418218
685601418216
685601418125
685601418056
685601418047
685601418046
685601418040
685601417980
685601417923
685601417922
685601417910
685601417908
685601417907
685601417905
685601417903
685601417663
685601417599
685601417597
685601417595
685601417582
685601417490
685601417489
685601417488
685601417487
685601417435
685601417158
685601417157
685601417014
685601417006
685601416988
685601416987
685601416976
685601416975
685601416880
685601416879
685601416878
685601416873
685601416711
685601416706
685601416704
685601416703
685601416641
685601416640
685601416598
685601416579
685601416578
685601416303
685601416301
685601416300
685601416299
685601416298
685601416141
685601416007
685601415850
685601415844
685601415843
685601415842
685601415840
685601415838
685601415837
685601415835
685601415834
685601415833
685601415831
685601415123
685601414988
685601414948
685601414947
685601414944
685601414943
685601414942
685601414925
685601414921
685601414902
685601414828
685601414761
685601414756
685601414734
685601414733
685601414731
685601414730
685601414729
685601414728
685601414661
685601414618
685601414617
685601414615
685601414606
685601414602
685601414601
685601414600
685601414599
685601414558
685601414222
685601414221
685601414219
685601414156
685601414155
685601414154
685601413996
685601413811
685601413810
685601413809
685601413808
685601413739
685601413677
685601413676
685601413674
685601413513
685601413510
685601413362
685601413361
685601413360
685601413355
685601413354
685601413198
685601413153
685601413111
685601413110
685601413109
685601413108
685601413107
685601413105
685601413103
685601413067
685601412959
685601412958
685601412957
685601412900
685601412899
685601412884
685601412839
685601412777
685601411643
685601411625
685601411624
685601411620
685601411533
685601411532
685601411531
685601411346
685601411345
685601411344
685601411219
685601411218
685601411200
685601410976
685601410899
685601410898
685601410897
685601410864
685601410828
685601410827
685601410826
685601410700
685601410588
685601410586
685601410459
685601410458
685601410457
685601410456
685601410427
685601410426
685601410425
685601410420
685601410380
685601410378
685601410322
685601410320
685601410319
685601410318
685601410314
685601410312
685601410136
685601410109
685601410108
685601409877
685601409800
685601409761
685601409760
685601409662
685601409661
685601409660
685601409609
685601409574
685601409573
685601409571
685601409562
685601409561
685601409560
685601409514
685601409510
685601409509
685601409504
685601409372
685601409288
685601409165
685601409164
685601409163
685601409157
685601409109
685601409108
685601409107
685601408944
685601408799
685601408721
685601408514
685601408507
685601408506
685601408505
685601408485
685601408430
685601408429
685601408428
685601408384
685601408288
685601408281
685601408210
685601408091
685601407994
685601407662
685601407640
685601407627
685601407619
685601407618
685601407617
685601407600
685601407582
685601407580
685601407579
685601407578
685601407577
685601407576
685601407528
685601407525
685601407524
685601407523
685601407522
685601407521
685601407517
685601407398
685601407337
685601407336
685601407335
685601407334
685601407333
685601407299
685601407136
685601407127
685601407126
685601407125
685601407124
685601407123
685601407122
685601407121
685601407120
685601407119
685601407118
685601407117
685601407116
685601407115
685601407114
685601407113
685601407112
685601406974
685601406960
685601406773
685601406772
685601406743
685601406692
685601406621
685601406612
685601405543
685601405522
685601405413
685601405411
685601404516
685601404228
685601404218
685601404217
685601404216
685601403994
685601403973
685601403972
685601403970
685601403969
685601403968
685601403967
685601403966
685601403965
685601403964
685601403963
685601403962
685601403960
685601403959
685601403956
685601403955
685601403834
685601403758
685601403757
685601403749
685601403628
685601403490
685601403403
685601403402
685601403401
685601403399
685601403398
685601403349
685601403346
685601403266
685601403194
685601403193
685601403191
685601403049
685601402947
685601402886
685601402885
685601402882
685601402881
685601402879
685601402878
685601402876
685601402783
685601402487
685601402470
685601402465
685601402343
685601402250
685601402249
685601402248
685601402246
685601402245
685601402221
685601402220
685601402080
685601401910
685601401908
685601401907
685601401906
685601401905
685601401904
685601401903
685601401902
685601401900
685601401899
685601401898
685601401897
685601401896
685601401895
685601401894
685601401892
685601401890
685601401887
685601401885
685601401884
685601401883
685601401864
685601401863
685601401861
685601401860
685601401859
685601401848
685601401604
685601401601
685601401600
685601401589
685601401559
685601401480
685601401479
685601401478
685601401477
685601401476
685601401475
685601401474
685601401471
685601401341
685601401340
685601401339
685601401337
685601401222
685601401166
685601401097
685601401096
685601401092
685601401091
685601401090
685601400992
685601400637
685601400636
685601400620
685601400477
685601400476
685601400475
685601400474
685601400473
685601400472
685601400471
685601400470
685601400469
685601400468
685601400467
685601400466
685601400465
685601400464
685601400303
685601400298
685601400297
685601400166
685601400115
685601400114
685601400113
685601400026
685601399885
685601399728
685601399727
685601399725
685601399675
685601399674
685601399673
685601399672
685601399575
685601399571
685601399567
685601398681
685601398567
685601398565
685601398564
685601398364
685601398107
685601398106
685601398084
685601398072
685601398032
685601398031
685601398030
685601397995
685601397982
685601397946
685601397939
685601397938
685601397937
685601397936
685601397935
685601397934
685601397933
685601397932
685601397931
685601397930
685601397929
685601397906
685601397905
685601397889
685601397888
685601397887
685601397886
685601397848
685601397708
685601397707
685601397704
685601397703
685601397702
685601397701
685601397699
685601397698
685601397697
685601397696
685601397695
685601397694
685601397692
685601397691
685601397317
685601397301
685601397299
685601397280
685601397279
685601397278
685601397277
685601397276
685601397207
685601397206
685601397204
685601397167
685601397161
685601397150
685601397113
685601396906
685601396905
685601396844
685601396843
685601396677
685601396396
685601396373
685601396370
685601396369
685601396368
685601396367
685601396366
685601396364
685601396363
685601396361
685601396350
685601396349
685601396319
685601396139
685601396086
685601395998
685601395940
685601395891
685601395673
685601395672
685601395664
685601395653
685601395652
685601395651
685601395650
685601395649
685601395647
685601395646
685601395623
685601395621
685601395501
685601395391
685601395236
685601395235
685601395234
685601395233
685601395232
685601395204
685601395058
685601394986
685601394985
685601394984
685601394912
685601394862
685601394702
685601394700
685601394675
685601394670
685601394669
685601394437
685601394435
685601394434
685601394433
685601394430
685601394429
685601394428
685601394427
685601394426
685601394425
685601394373
685601394358
685601394354
685601394312
685601394311
685601394310
685601394164
685601394156
685601394062
685601393981
685601393807
685601393683
685601393654
685601393653
685601393652
685601393651
685601393650
685601393649
685601393495
685601393456
685601392626
685601392624
685601392620
685601392571
685601392570
685601392511
685601392414
685601392413
685601392346
685601392290
685601392222
685601391347
685601391346
685601391345
685601391111
685601390864
685601390863
685601390861
685601390860
685601390857
685601390855
685601390854
685601390640
685601390639
685601390638
685601390637
685601390375
685601390374
685601390373
685601390372
685601390230
685601390227
685601390126
685601390125
685601390124
685601390078
685601389848
685601389779
685601389778
685601389719
685601389718
685601389690
685601389688
685601389686
685601389665
685601389607
685601389596
685601389595
685601389075
685601389039
685601388974
685601388935
685601388934
685601388933
685601388909
685601388805
685601388736
685601388661
685601388659
685601388627
685601388339
685601388330
685601388329
685601388257
685601388243
685601388160
685601388158
685601388143
685601388007
685601388006
685601387894
685601387880
685601387879
685601387845
685601387844
685601387843
685601387841
685601387835
685601387829
685601387729
685601387727
685601387712
685601387711
685601387710
685601387709
685601387708
685601387707
685601387706
685601387645
685601387643
685601387640
685601387639
685601387638
685601387635
685601387633
685601387631
685601387630
685601387629
685601387628
685601387626
685601387625
685601387547
685601387546
685601387534
685601387467
685601387466
685601387407
685601387406
685601387405
685601387401
685601387376
685601387355
685601387354
685601387249
685601387247
685601387153
685601387056
685601387055
685601387054
685601387008
685601386893
685601386364
685601385589
685601385587
685601385586
685601385430
685601385377
685601385376
685601385374
685601385373
685601385372
685601385370
685601385369
685601385368
685601385367
685601385366
685601385365
685601385364
685601385363
685601385362
685601385337
685601385309
685601385308
685601385306
685601385305
685601385247
685601385227
685601385071
685601385070
685601384879
685601384829
685601384828
685601384827
685601384824
685601384823
685601384822
685601384821
685601384820
685601384731
685601384676
685601384622
685601384588
685601384587
685601384578
685601384575
685601384567
685601384544
685601384496
685601384494
685601384377
685601384375
685601384372
685601384370
685601384369
685601384368
685601384366
685601384364
685601384278
685601384277
685601384275
685601384231
685601384230
685601384209
685601384148
685601384045
685601384044
685601384043
685601384024
685601383988
685601383980
685601383805
685601383804
685601383710
685601383707
685601383677
685601383532
685601383468
685601383467
685601383465
685601383424
685601383423
685601383403
685601383392
685601383391
685601383331
685601383329
685601383302
685601383301
685601383299
685601383213
685601383133
685601383101
685601383100
685601383099
685601383021
685601383016
685601383001
685601382978
685601382904
685601382903
685601382702
685601382663
685601382662
685601382660
685601382646
685601382644
685601382599
685601382561
685601382560
685601382559
685601382501
685601382499
685601382486
685601382483
685601382371
685601382370
685601382356
685601382186
685601382093
685601382081
685601382080
685601382018
685601382017
685601382016
685601382014
685601382013
685601382012
685601381997
685601381995
685601381938
685601381865
685601381844
685601381843
685601381841
685601381827
685601381769
685601381768
685601381767
685601381766
685601381763
685601381735
685601381692
685601381690
685601381669
685601381668
685601381657
685601381641
685601381548
685601381545
685601381544
685601381519
685601381518
685601381516
685601381472
685601381448
685601381447
685601381446
685601381426
685601381386
685601381324
685601381323
685601381105
685601381104
685601381103
685601381099
685601381098
685601380970
685601380769
685601380768
685601380767
685601380714
685601380713
685601380586
685601380585
685601380583
685601380582
685601380553
685601380551
685601380521
685601380494
685601380483
685601380482
685601380432
685601380398
685601380392
685601379056
685601379055
685601378811
685601378585
685601378581
685601378580
685601378492
685601378452
685601378251
685601378209
685601377953
685601377952
685601377861
685601377860
685601377859
685601377827
685601377826
685601377825
685601377812
685601377724
685601377723
685601377682
685601377681
685601377679
685601377678
685601377677
685601377560
685601377539
685601377394
685601377337
685601377273
685601377266
685601377265
685601377263
685601377262
685601377260
685601377164
685601377151
685601377111
685601377110
685601377109
685601377108
685601377106
685601377011
685601377010
685601377008
685601376577
685601376574
685601376528
685601376527
685601376511
685601376510
685601376368
685601376367
685601376366
685601376322
685601376212
685601376104
685601376090
685601376087
685601376065
685601376064
685601375938
685601375937
685601375936
685601375761
685601375760
685601375630
685601375365
685601375303
685601375274
685601375273
685601374995
685601374994
685601374993
685601374948
685601374694
685601374693
685601374692
685601374691
685601374582
685601374580
685601374538
685601373493
685601373492
685601373491
685601373412
685601373356
685601372126
685601372067
685601371965
685601371930
685601371929
685601371867
685601371866
685601371860
685601371858
685601371857
685601371856
685601371714
685601371712
685601371643
685601371642
685601371640
685601371534
685601371533
685601371529
685601370998
685601370997
685601370756
685601370753
685601370752
685601370751
685601370737
685601370736
685601370730
685601370729
685601370728
685601370727
685601370596
685601370428
685601370427
685601370426
685601370137
685601370118
685601370117
685601369967
685601369952
685601369938
685601369935
685601369933
685601369931
685601369872
685601369664
685601369403
685601369401
685601369400
685601369362
685601369361
685601369350
685601369262
685601369261
685601368902
685601368820
685601368744
685601368698
685601368499
685601368282
685601368008
685601368007
685601367933
685601367518
685601367480
685601367479
685601367478
685601367267
685601367265
685601367263
685601367190
685601367189
685601367188
685601367101
685601366982
685601366981
685601366914
685601366489
685601366462
685601366461
685601366460
685601366355
685601366354
685601366353
685601366352
685601366318
685601366183
685601366182
685601366181
685601366180
685601366167
685601366166
685601366165
685601366076
685601366074
685601365989
685601364801
685601364800
685601364701
685601364685
685601364606
685601364587
685601364577
685601364576
685601364575
685601364381
685601364305
685601364152
685601364151
685601363948
685601363947
685601363946
685601363726
685601363669
685601363668
685601363667
685601363485
685601363423
685601363422
685601363421
685601363323
685601363116
685601363115
685601363109
685601363031
685601362957
685601362885
685601362884
685601362525
685601362524
685601362434
685601362032
685601361875
685601361874
685601361677
685601361530
685601361309
685601360402
685601360351
685601360350
685601360175
685601360004
685601359979
685601359978
685601359977
685601359749
685601359748
685601359470
685601359373
685601359280
685601359061
685601359059
685601358947
685601357689
685601357547
685601357501
685601357432
685601357194
685601357186
685601356822
685601356820
685601356620
685601356589
685601356584
685601356551
685601356549
685601356544
685601356416
685601356415
685601356414
685601356412
685601356411
685601356410
685601356409
685601356407
685601356406
685601356295
685601356243
685601356242
685601356190
685601356153
685601356082
685601356081
685601356080
685601355769
685601355665
685601355663
685601355410
685601355233
685601355232
685601355229
685601355206
685601355068
685601354903
685601354804
685601354438
685601353030
685601352958
685601352957
685601352955
685601352936
685601352868
685601352848
685601352847
685601352773
685601352750
685601352749
685601352698
685601352645
685601352610
685601352609
685601352608
685601352520
685601352518
685601352464
685601352463
685601352369
685601352367
685601352093
685601352049
685601351966
685601351893
685601351883
685601351863
685601351862
685601351860
685601351859
685601351858
685601351533
685601351493
685601351429
685601351425
685601351424
685601351423
685601351422
685601351420
685601351399
685601351307
685601351306
685601351305
685601351301
685601351299
685601351298
685601351295
685601351294
685601351292
685601351290
685601351264
685601351260
685601351259
685601350981
685601350980
685601350979
685601350978
685601350929
685601350734
685601350516
685601350457
685601350456
685601349535
685601349533
685601349359
685601349305
685601349304
685601349303
685601349239
685601349129
685601349127
685601349125
685601349124
685601349123
685601349075
685601349074
685601349008
685601348912
685601348911
685601348910
685601348892
685601348818
685601348637
685601348151
685601348124
685601348123
685601348010
685601347624
685601347597
685601347570
685601347145
685601347133
685601346823
685601346760
685601346759
685601346505
685601346504
685601346482
685601346254
685601346187
685601346186
685601346184
685601346064
685601346051
685601346049
685601346045
685601346044
685601346043
685601346042
685601346041
685601346040
685601346039
685601346038
685601346037
685601346035
685601346034
685601346033
685601346031
685601346029
685601346028
685601346027
685601346026
685601346025
685601346024
685601346023
685601346022
685601346021
685601346019
685601346018
685601346017
685601346016
685601346015
685601346014
685601346013
685601346012
685601346011
685601346010
685601346008
685601346002
685601346001
685601345976
685601345975
685601345816
685601345787
685601345785
685601345447
685601345446
685601345105
685601345104
685601345066
685601345052
685601345050
685601345048
685601345008
685601343832
685601343814
685601343808
685601343806
685601342222
685601342220
685601342213
685601342160
685601342157
685601342156
685601342155
685601342120
685601341835
685601341806
685601341805
685601341757
685601341719
685601341718
685601341668
685601341603
685601341602
685601341598
685601341562
685601341537
685601341536
685601341532
685601341514
685601341513
685601341452
685601341451
685601341400
685601341399
685601341395
685601341324
685601341137
685601341093
685601341091
685601341090
685601341089
685601340841
685601340718
685601340716
685601340715
685601340633
685601340552
685601340550
685601340547
685601340544
685601340535
685601340455
685601340454
685601340336
685601340331
685601340243
685601340242
685601340241
685601340208
685601340175
685601340155
685601340154
685601340093
685601340000
685601339999
685601339978
685601339977
685601339976
685601339974
685601339928
685601339927
685601339925
685601339924
685601339923
685601339921
685601339920
685601339918
685601339917
685601339914
685601339905
685601339885
685601339845
685601339837
685601339836
685601339835
685601339820
685601339819
685601339643
685601339642
685601339463
685601339462
685601339438
685601339315
685601339297
685601339283
685601339282
685601339192
685601339191
685601339190
685601338990
685601338943
685601338904
685601338903
685601338902
685601338872
685601338793
685601338791
685601338790
685601338789
685601338788
685601338787
685601338786
685601338785
685601338784
685601338783
685601338749
685601338745
685601338742
685601338639
685601338638
685601338631
685601338604
685601338525
685601338521
685601338520
685601338514
685601338510
685601338507
685601338478
685601338477
685601338476
685601338419
685601338393
685601338392
685601338391
685601338338
685601338275
685601338228
685601338227
685601338226
685601338174
685601338123
685601338109
685601338094
685601338060
685601338059
685601338058
685601337839
685601337826
685601337822
685601337821
685601337820
685601337818
685601337817
685601337816
685601337815
685601337812
685601337811
685601337781
685601337772
685601337760
685601337618
685601337604
685601337536
685601337535
685601337533
685601337521
685601337520
685601337512
685601337509
685601337507
685601337466
685601337358
685601337334
685601337318
685601337314
685601337308
685601337291
685601337289
685601337287
685601337286
685601337259
685601337184
685601337180
685601337171
685601337150
685601337149
685601337148
685601337147
685601337145
685601337143
685601337142
685601337141
685601337140
685601337138
685601337137
685601337135
685601337130
685601337127
685601337126
685601337125
685601337124
685601337123
685601337122
685601337120
685601337119
685601337117
685601337116
685601337114
685601337113
685601337112
685601337111
685601337110
685601337108
685601337102
685601337101
685601337100
685601337098
685601337097
685601337096
685601337095
685601337085
685601337084
685601337083
685601337076
685601337068
685601336989
685601336986
685601336979
685601336965
685601336962
685601336898
685601336054
685601336053
685601335743
685601335676
685601335640
685601335639
685601335531
685601335530
685601335527
685601335525
685601335524
685601335423
685601335422
685601335421
685601335420
685601335419
685601335404
685601335403
685601335398
685601335380
685601335334
685601335328
685601335324
685601335320
685601335299
685601335298
685601335176
685601335132
685601335026
685601335025
685601335023
685601335021
685601335020
685601335018
685601334707
685601334705
685601334703
685601334702
685601334701
685601334641
685601334285
685601334255
685601334211
685601334131
685601334090
685601334087
685601334074
685601334007
685601334005
685601334004
685601333790
685601333789
685601333784
685601333781
685601333774
685601333733
685601333675
685601333662
685601333549
685601333522
685601333521
685601333519
685601333518
685601333517
685601333465
685601333458
685601333457
685601333284
685601333282
685601333281
685601333223
685601333199
685601332835
685601332834
685601332833
685601332827
685601332826
685601332723
685601332722
685601332699
685601332408
685601332388
685601332370
685601332367
685601332353
685601330678
685601330677
685601330506
685601330504
685601330333
685601330195
685601330019
685601329900
685601329720
685601329718
685601329708
685601329707
685601329584
685601329581
685601329580
685601329579
685601329577
685601329576
685601329575
685601329573
685601329572
685601329571
685601329570
685601329560
685601329559
685601329558
685601329557
685601329556
685601329555
685601329554
685601329553
685601329551
685601329550
685601329548
685601329546
685601329545
685601329544
685601329543
685601329542
685601329541
685601329540
685601329539
685601329538
685601329537
685601329536
685601329535
685601329534
685601329533
685601329532
685601329531
685601329516
685601329506
685601329505
685601329504
685601329503
685601329502
685601329501
685601329500
685601329499
685601329498
685601329176
685601329175
685601329174
685601326642
685601326641
685601326359
685601326356
685601326354
685601324919
685601323995
685601320803
685601320171
685601319381
685601319011
685601318982
685601314838
685601314835
685601314831
685601310778
685601310671
685601250713
685601224483
685601220374
685601165141
5209280
5209252
5209250
5209246
5209245
5209234
5209232
5209231
5209210
5209192
5209184
5209153
5209151
5209138
5209133
5209124
5209122
5209093
5209082
5209081
5209051
5209047
5209028
5208985
5208981
5208971
5208967
5208966
5208963
5208962
5208946
5208885
5208881
5208880
5208862
5208860
5208858
5208826
5208818
5208811
5208796
5208793
5208787
5208780
5208767
5208717
5208715
5208701
5208695
5208679
5208654
5208627
5208621
5208591
5208583
5208574
5208568
5208490
5208475
5208400
5208398
5208387
5208384
5208382
5208378
5208372
5208347
5208346
5208333
5208332
5208329
5208306
5208302
5208301
5208300
5208292
5208291
5208290
5208273
5208269
5208268
5208262
5208254
5208247
5208213
5208186
5208160
5208154
5208065
5207936
5207890
5207889
5207883
5207860
5207858
5207855
5207848
5207847
5207846
5207804
5207802
5207801
5207800
5207799
5207798
5207791
5207790
5207735
5207729
5207721
5207718
5207694
5207672
5207664
5207661
5207660
5207639
5207637
5207616
5207605
5207604
5207601
5207573
5207543
5207532
5207519
5207518
5207516
5207488
5207487
5207481
5207472
5207471
5207417
5207392
5207388
5207373
5207371
5207350
5207335
5207332
5207287
5207281
5207267
5207264
5207243
5207231
5207224
5207200
5207199
5207198
5207190
5207179
5207173
5207172
5207168
5207167
5207166
5207165
5207163
5207159
5207153
5207149
5207125
5207119
5207116
5207077
5207071
5207066
5207019
5207000
5206972
5206885
5206856
5206853
5206850
5206838
5206837
5206819
5206730
5206721
5206689
5206688
5206683
5206680
5206678
5206647
5206646
5206641
5206589
5206555
5206554
5206552
5206546
5206513
5206471
5206446
5206445
5206439
5206426
5206410
5206363
5206356
5206335
5206329
5206311
5206286
5206275
5206215
5206206
5206205
5206204
5206198
5206175
5206171
5206162
5206118
5206100
5206049
5206047
5206046
5206004
5205971
5205927
5205889
5205850
5205840
5205647
5205601
5205524
5205438
5205412
5205410
5205397
5205388
5205385
5205365
5205298
5205297
5205289
5205268
5205101
5205093
5205087
5205065
5205050
5205028
5205024
5205023
5205022
5204993
5204926
5204855
5204854
5204833
5204832
5204792
5204786
5204745
5204715
5204707
5204683
5204648
5204609
5204549
5204527
5204495
5204442
5204441
5204381
5204380
5204377
5204376
5204318
5204317
5204313
5204291
5204290
5204288
5204256
5204246
5204242
5204222
5204161
5204159
5204133
5204132
5204117
5204115
5204099
5204065
5204057
5204054
5204048
5203987
5203981
5203933
5203931
5203913
5203898
5203886
5203838
5203815
5203748
5203745
5203711
5203708
5203693
5203649
5203631
5203629
5203617
5203611
5203604
5203602
5203597
5203593
5203590
5203579
5203578
5203577
5203573
5203493
5203487
5203486
5203449
5203436
5203434
5203433
5203404
5203403
5203398
5203393
5203343
5203326
5203322
5203218
5203112
5203091
5203016
5203014
5203010
5202996
5202995
5202979
5202941
5202881
5202837
5202811
5202757
5202753
5202751
5202718
5202715
5202706
5202638
5202626
5202592
5202537
5202531
5202530
5202476
5202465
5202412
5202411
5202246
5202237
5202215
5202125
5202073
5201912
5201842
5201829
5201815
5201742
5201730
5201702
5201699
5201691
5201689
5201686
5201659
5201552
5201432
5201428
5201375
5201320
5201315
5201279
5201183
5201179
5201172
5201171
5201164
5201163
5201144
5201133
5201123
5201111
5201099
5201077
5201060
5201056
5201030
5201009
5200939
5200926
5200896
5200860
5200788
5200784
5200742
5200669
5200646
5200638
5200632
5200595
5200587
5200586
5200585
5200584
5200445
5200389
5200376
5200338
5200324
5200315
5200274
5200255
5200245
5200244
5200243
5200217
5200190
5200163
5200134
5200115
5200109
5200108
5200095
5200070
5200047
5200037
5200005
5199987
5199974
5199973
5199960
5199940
5199895
5199892
5199878
5199850
5199798
5199797
5199771
5199762
5199742
5199734
5199733
5199630
5199625
5199610
5199590
5199561
5199533
5199515
5199514
5199478
5199477
5199476
5199475
5199473
5199472
5199329
5199320
5199091
5199083
5199023
5199019
5197478
5194521
5192322
5192321
5191604
5191365
5191125
5190847
5190842
5190275
5186728
5186695
